{
    "1,0": 71786,
    "1,2": 73128,
    "0,1": 71786,
    "0,0": 338864,
    "0,2": 131542,
    "8,10": 6351,
    "2,7": 197,
    "10,8": 6351,
    "2,1": 73128,
    "2,0": 131542,
    "0,9": 44922,
    "1,9": 13093,
    "9,0": 44922,
    "1,8": 60225,
    "9,1": 13093,
    "0,3": 204735,
    "0,4": 4203,
    "3,0": 204735,
    "3,4": 14595,
    "5,9": 1,
    "4,8": 26078,
    "9,5": 1,
    "4,0": 4203,
    "4,3": 14595,
    "8,4": 26078,
    "5,6": 1,
    "5,7": 44153,
    "6,5": 1,
    "6,7": 465,
    "7,9": 18711,
    "7,8": 553432,
    "9,7": 18711,
    "9,8": 66899,
    "8,1": 60225,
    "8,7": 553432,
    "8,9": 66899,
    "7,2": 197,
    "7,5": 44153,
    "7,6": 465,
    "0,18": 1181,
    "0,17": 48748,
    "4,17": 12294,
    "3,8": 55561,
    "17,4": 12294,
    "3,18": 421,
    "3,16": 25991,
    "8,3": 55561,
    "4,7": 74942,
    "13,7": 124,
    "11,14": 2034,
    "7,13": 124,
    "11,7": 4429,
    "11,16": 547,
    "12,13": 1437,
    "12,15": 123,
    "14,11": 2034,
    "13,12": 1437,
    "13,15": 728,
    "15,12": 123,
    "15,13": 728,
    "7,4": 74942,
    "7,11": 4429,
    "7,16": 561,
    "16,11": 547,
    "16,7": 561,
    "18,0": 1181,
    "17,17": 10462,
    "18,3": 421,
    "18,16": 733,
    "16,3": 25991,
    "16,18": 733,
    "17,0": 48748,
    "19,8": 22178,
    "8,19": 22178,
    "1,7": 207268,
    "10,7": 20850,
    "21,7": 3651,
    "20,9": 36002,
    "7,21": 3651,
    "20,7": 15974,
    "20,8": 48478,
    "9,20": 36002,
    "21,0": 13620,
    "21,1": 5924,
    "9,9": 70000,
    "0,21": 13620,
    "2,3": 219536,
    "22,9": 28,
    "3,17": 61590,
    "9,22": 28,
    "3,2": 219536,
    "1,21": 5924,
    "7,1": 207268,
    "17,3": 61590,
    "22,16": 1,
    "16,22": 1,
    "7,10": 20850,
    "7,20": 15974,
    "8,20": 48478,
    "0,20": 68516,
    "20,0": 68516,
    "20,2": 20437,
    "2,20": 20437,
    "16,9": 17239,
    "0,27": 15996,
    "9,16": 17239,
    "27,9": 10186,
    "3,26": 17499,
    "9,27": 10186,
    "3,1": 94487,
    "26,9": 9892,
    "1,25": 12610,
    "1,13": 10516,
    "9,26": 9892,
    "1,3": 94487,
    "12,8": 2888,
    "10,13": 2849,
    "8,12": 2888,
    "24,22": 175,
    "22,24": 175,
    "23,22": 177,
    "22,23": 177,
    "22,25": 15,
    "25,22": 15,
    "22,26": 1,
    "26,22": 1,
    "25,1": 12610,
    "25,13": 8580,
    "13,1": 10516,
    "13,25": 8580,
    "26,12": 441,
    "12,26": 441,
    "13,10": 2849,
    "27,0": 15996,
    "16,26": 20594,
    "26,3": 17499,
    "26,16": 20594,
    "27,16": 1914,
    "16,27": 1914,
    "0,31": 351,
    "27,31": 98,
    "28,0": 2,
    "31,27": 98,
    "28,16": 1,
    "28,26": 1,
    "0,28": 2,
    "4,9": 59541,
    "9,4": 59541,
    "29,8": 5,
    "29,7": 1,
    "30,26": 60,
    "18,26": 4,
    "26,18": 4,
    "0,32": 13223,
    "17,9": 8450,
    "16,17": 63145,
    "9,17": 8450,
    "16,16": 26288,
    "17,16": 63145,
    "31,0": 351,
    "31,9": 439,
    "16,28": 1,
    "9,31": 439,
    "26,28": 1,
    "31,32": 4,
    "32,0": 13223,
    "32,31": 4,
    "26,30": 60,
    "8,29": 5,
    "7,29": 1,
    "0,36": 1745,
    "36,0": 1745,
    "33,32": 2,
    "32,33": 2,
    "32,32": 53972,
    "36,9": 438,
    "9,36": 438,
    "20,1": 16978,
    "1,20": 16978,
    "34,8": 2768,
    "34,35": 1,
    "8,34": 2768,
    "8,35": 34,
    "35,34": 1,
    "35,8": 34,
    "19,7": 70058,
    "9,39": 1649,
    "39,9": 1649,
    "3,3": 195830,
    "0,37": 251,
    "3,37": 253,
    "38,9": 23662,
    "9,38": 23662,
    "37,0": 251,
    "37,3": 253,
    "7,19": 70058,
    "3,12": 1822,
    "12,3": 1822,
    "4,41": 26,
    "1,40": 873,
    "4,40": 155,
    "40,4": 155,
    "4,39": 11807,
    "5,8": 23566,
    "8,5": 23566,
    "40,1": 873,
    "8,39": 48282,
    "39,4": 11807,
    "39,8": 48282,
    "40,8": 1,
    "8,40": 1,
    "41,4": 26,
    "12,42": 6934,
    "42,12": 6934,
    "1,1": 28936,
    "1,42": 14173,
    "36,43": 1,
    "1,4": 9169,
    "43,36": 1,
    "4,1": 9169,
    "36,25": 121,
    "25,36": 121,
    "33,7": 9739,
    "19,43": 1,
    "18,25": 354,
    "25,18": 354,
    "1,12": 2400,
    "12,25": 3759,
    "12,1": 2400,
    "25,12": 3759,
    "13,8": 3001,
    "8,13": 3001,
    "25,7": 30405,
    "7,25": 30405,
    "42,1": 14173,
    "42,25": 8889,
    "43,25": 47,
    "25,42": 8889,
    "43,19": 1,
    "25,43": 47,
    "7,33": 9739,
    "21,9": 27254,
    "9,21": 27254,
    "25,9": 11879,
    "1,39": 34746,
    "9,25": 11879,
    "33,39": 529,
    "11,25": 7658,
    "11,8": 6437,
    "44,16": 45,
    "44,17": 61,
    "16,44": 45,
    "17,44": 61,
    "17,21": 15458,
    "21,17": 15458,
    "39,1": 34746,
    "25,11": 7658,
    "25,8": 7710,
    "8,11": 6437,
    "8,25": 7710,
    "39,33": 529,
    "0,19": 15148,
    "19,0": 15148,
    "17,7": 112,
    "1,46": 3053,
    "1,30": 345,
    "7,17": 112,
    "18,30": 124,
    "30,18": 124,
    "3,21": 1049,
    "8,21": 3860,
    "21,8": 3860,
    "4,30": 50,
    "1,45": 762,
    "1,44": 17015,
    "45,1": 762,
    "45,44": 2,
    "44,1": 17015,
    "44,45": 2,
    "44,44": 63616,
    "2,30": 263,
    "16,46": 348,
    "30,2": 263,
    "17,46": 151,
    "30,16": 707,
    "46,16": 348,
    "46,17": 151,
    "30,17": 167,
    "16,30": 707,
    "17,30": 167,
    "46,1": 3053,
    "46,30": 1,
    "30,1": 345,
    "30,46": 1,
    "21,3": 1049,
    "30,4": 50,
    "27,15": 1040,
    "47,9": 1,
    "15,27": 1040,
    "47,7": 3535,
    "9,47": 1,
    "3,9": 124618,
    "9,3": 124618,
    "0,16": 26434,
    "11,48": 5,
    "48,11": 5,
    "48,7": 94,
    "7,47": 3535,
    "15,7": 9970,
    "15,8": 4315,
    "7,15": 9970,
    "8,15": 4315,
    "7,7": 4114,
    "7,48": 94,
    "16,0": 26434,
    "51,9": 1399,
    "3,52": 5055,
    "9,51": 1399,
    "5,49": 19,
    "20,16": 8530,
    "16,20": 8530,
    "0,49": 997,
    "49,0": 997,
    "16,50": 55,
    "50,16": 55,
    "49,8": 1470,
    "8,49": 1470,
    "50,7": 112,
    "7,50": 112,
    "7,49": 12914,
    "49,5": 19,
    "49,7": 12914,
    "8,53": 3493,
    "52,3": 5055,
    "51,53": 6,
    "53,51": 6,
    "52,49": 5282,
    "49,52": 5282,
    "53,8": 3493,
    "53,9": 9300,
    "9,53": 9300,
    "16,8": 2082,
    "1,26": 4985,
    "8,16": 2082,
    "2,26": 8688,
    "3,54": 13,
    "54,3": 13,
    "54,16": 116,
    "16,54": 116,
    "26,1": 4985,
    "26,2": 8688,
    "53,17": 22395,
    "17,53": 22395,
    "0,25": 6794,
    "25,0": 6794,
    "1,55": 820,
    "3,25": 8308,
    "25,3": 8308,
    "4,11": 1036,
    "4,55": 22,
    "2,2": 2528,
    "2,21": 5167,
    "2,53": 3309,
    "11,4": 1036,
    "11,55": 380,
    "55,1": 820,
    "25,25": 11760,
    "55,4": 22,
    "55,11": 380,
    "21,2": 5167,
    "21,53": 1227,
    "53,2": 3309,
    "53,21": 1227,
    "0,39": 2319,
    "39,0": 2319,
    "27,25": 1725,
    "46,0": 7107,
    "25,27": 1725,
    "46,39": 4069,
    "0,46": 7107,
    "3,56": 687,
    "56,3": 687,
    "0,57": 227,
    "47,39": 5581,
    "47,25": 1651,
    "11,15": 1015,
    "11,39": 16071,
    "47,11": 3959,
    "11,47": 3959,
    "39,47": 5581,
    "39,25": 13412,
    "25,47": 1651,
    "25,39": 13412,
    "15,11": 1015,
    "15,39": 6901,
    "39,11": 16071,
    "39,15": 6901,
    "39,46": 4069,
    "57,0": 227,
    "56,16": 4204,
    "16,56": 4204,
    "3,7": 19815,
    "7,3": 19815,
    "0,26": 14859,
    "2,4": 2989,
    "4,2": 2989,
    "4,26": 5486,
    "26,0": 14859,
    "16,53": 8673,
    "53,16": 8673,
    "26,4": 5486,
    "3,58": 2,
    "58,3": 2,
    "21,56": 10489,
    "56,21": 10489,
    "17,55": 14391,
    "55,17": 14391,
    "1,11": 5795,
    "1,54": 7093,
    "4,47": 305,
    "4,54": 2054,
    "27,41": 606,
    "41,27": 606,
    "46,60": 221,
    "47,60": 209,
    "47,4": 305,
    "47,54": 859,
    "8,54": 3148,
    "59,7": 2,
    "54,8": 3148,
    "59,25": 720,
    "11,1": 5795,
    "11,54": 3170,
    "7,59": 2,
    "54,1": 7093,
    "54,11": 3170,
    "25,59": 720,
    "54,4": 2054,
    "54,47": 859,
    "60,46": 221,
    "41,42": 623,
    "42,41": 623,
    "60,47": 209,
    "60,25": 422,
    "25,60": 422,
    "42,61": 43,
    "61,42": 43,
    "25,62": 254,
    "62,25": 254,
    "61,60": 10,
    "60,61": 10,
    "62,49": 2304,
    "49,62": 2304,
    "60,52": 1311,
    "63,52": 831,
    "52,63": 831,
    "52,60": 1311,
    "19,9": 6931,
    "9,19": 6931,
    "28,7": 35078,
    "28,8": 20059,
    "14,16": 479,
    "16,14": 479,
    "11,17": 1335,
    "14,8": 13681,
    "8,14": 13681,
    "17,11": 1335,
    "7,28": 35078,
    "8,28": 20059,
    "0,38": 15700,
    "38,0": 15700,
    "0,64": 1296,
    "63,9": 9799,
    "64,9": 1306,
    "9,63": 9799,
    "64,0": 1296,
    "9,64": 1306,
    "63,0": 22216,
    "63,1": 8926,
    "0,63": 22216,
    "1,63": 8926,
    "1,15": 6001,
    "4,65": 4497,
    "4,49": 307,
    "65,4": 4497,
    "4,66": 698,
    "1,66": 686,
    "0,8": 17783,
    "8,0": 17783,
    "66,4": 698,
    "65,25": 39,
    "25,65": 39,
    "66,1": 686,
    "48,8": 3647,
    "49,17": 936,
    "8,48": 3647,
    "49,4": 307,
    "49,39": 1369,
    "21,48": 584,
    "48,21": 584,
    "17,49": 936,
    "15,1": 6001,
    "39,49": 1369,
    "21,16": 11420,
    "16,21": 11420,
    "47,13": 760,
    "11,20": 838,
    "11,13": 3115,
    "20,11": 838,
    "0,13": 630,
    "13,0": 630,
    "11,12": 3142,
    "13,47": 760,
    "12,11": 3142,
    "13,11": 3115,
    "3,34": 794,
    "34,3": 794,
    "0,7": 2933,
    "7,0": 2933,
    "1,6": 344,
    "8,6": 859,
    "6,1": 344,
    "6,8": 859,
    "25,34": 3558,
    "34,25": 3558,
    "67,16": 1074,
    "3,69": 2836,
    "16,67": 1074,
    "69,3": 2836,
    "67,68": 2,
    "67,67": 52008,
    "67,46": 35764,
    "68,67": 2,
    "68,46": 2,
    "8,69": 1388,
    "46,7": 19984,
    "69,8": 1388,
    "46,67": 35764,
    "46,68": 2,
    "2,17": 6686,
    "7,46": 19984,
    "17,2": 6686,
    "0,53": 4671,
    "53,0": 4671,
    "3,70": 12,
    "70,3": 12,
    "21,26": 12021,
    "26,21": 12021,
    "3,39": 1728,
    "39,3": 1728,
    "4,25": 4049,
    "0,52": 3982,
    "52,0": 3982,
    "0,51": 1353,
    "0,71": 691,
    "3,51": 3310,
    "2,51": 1867,
    "25,4": 4049,
    "39,71": 265,
    "71,39": 265,
    "25,52": 638,
    "51,3": 3310,
    "51,2": 1867,
    "50,52": 1385,
    "51,0": 1353,
    "51,71": 1,
    "52,50": 1385,
    "71,0": 691,
    "71,51": 1,
    "52,25": 638,
    "18,8": 3654,
    "8,18": 3654,
    "69,62": 86,
    "7,72": 1227,
    "72,7": 1227,
    "8,62": 2629,
    "72,9": 3924,
    "62,8": 2629,
    "62,62": 760,
    "9,72": 3924,
    "62,69": 86,
    "47,8": 3419,
    "0,56": 13792,
    "8,47": 3419,
    "15,25": 4883,
    "25,15": 4883,
    "39,42": 456,
    "56,0": 13792,
    "16,55": 8234,
    "55,16": 8234,
    "42,39": 456,
    "73,7": 52,
    "7,73": 52,
    "73,9": 218,
    "9,73": 218,
    "28,39": 1831,
    "39,28": 1831,
    "0,75": 11,
    "3,74": 23,
    "74,3": 23,
    "1,49": 995,
    "10,15": 1135,
    "76,9": 426,
    "9,76": 426,
    "75,0": 11,
    "74,53": 12,
    "53,74": 12,
    "76,49": 928,
    "49,76": 928,
    "51,8": 3560,
    "8,51": 3560,
    "49,1": 995,
    "15,10": 1135,
    "72,8": 4910,
    "8,72": 4910,
    "7,38": 1122,
    "38,7": 1122,
    "1,38": 7968,
    "3,60": 1942,
    "38,1": 7968,
    "60,3": 1942,
    "1,77": 41,
    "77,1": 41,
    "60,8": 14308,
    "8,60": 14308,
    "1,14": 7488,
    "17,35": 388,
    "32,21": 222,
    "32,16": 5252,
    "35,17": 388,
    "0,35": 7742,
    "35,0": 7742,
    "21,32": 222,
    "16,32": 5252,
    "7,14": 2103,
    "14,1": 7488,
    "14,7": 2103,
    "7,68": 4802,
    "46,8": 6631,
    "68,7": 4802,
    "46,66": 13495,
    "67,66": 36468,
    "3,68": 4807,
    "68,3": 4807,
    "66,46": 13495,
    "66,67": 36468,
    "19,39": 2791,
    "39,19": 2791,
    "8,46": 6631,
    "20,56": 334,
    "1,16": 4637,
    "28,28": 1126,
    "16,1": 4637,
    "56,20": 334,
    "63,16": 4976,
    "16,63": 4976,
    "63,17": 3902,
    "0,78": 23,
    "1,34": 1141,
    "34,1": 1141,
    "17,63": 3902,
    "16,78": 24,
    "78,0": 23,
    "78,16": 24,
    "1,47": 1329,
    "1,79": 1,
    "47,1": 1329,
    "47,79": 1,
    "79,1": 1,
    "79,47": 1,
    "8,78": 4398,
    "78,8": 4398,
    "79,8": 1,
    "8,79": 1,
    "8,68": 11445,
    "68,8": 11445,
    "21,68": 3753,
    "66,0": 2306,
    "66,17": 4745,
    "68,21": 3753,
    "0,66": 2306,
    "17,66": 4745,
    "80,81": 10760,
    "80,82": 1,
    "81,80": 10760,
    "81,82": 1,
    "8,83": 11870,
    "82,4": 4,
    "82,39": 42,
    "83,8": 11870,
    "82,80": 1,
    "82,81": 1,
    "4,82": 4,
    "4,4": 1834,
    "39,82": 42,
    "8,52": 7380,
    "52,8": 7380,
    "3,64": 3596,
    "64,3": 3596,
    "1,65": 9628,
    "64,14": 2342,
    "14,64": 2342,
    "65,1": 9628,
    "1,19": 6947,
    "19,1": 6947,
    "0,14": 4698,
    "14,0": 4698,
    "84,21": 1,
    "1,85": 503,
    "21,84": 1,
    "1,17": 7865,
    "10,85": 29,
    "85,1": 503,
    "84,25": 97,
    "25,84": 97,
    "85,10": 29,
    "17,1": 7865,
    "3,86": 145,
    "86,3": 145,
    "4,87": 122,
    "33,87": 23,
    "33,8": 5222,
    "0,44": 12971,
    "44,0": 12971,
    "87,4": 122,
    "86,7": 33,
    "7,86": 33,
    "87,33": 23,
    "87,8": 2918,
    "8,33": 5222,
    "8,87": 2918,
    "1,89": 1550,
    "4,58": 452,
    "58,13": 1039,
    "58,4": 452,
    "58,54": 1838,
    "89,1": 1550,
    "88,87": 396,
    "87,88": 396,
    "89,8": 389,
    "8,89": 389,
    "87,7": 4424,
    "7,87": 4424,
    "13,58": 1039,
    "54,58": 1838,
    "0,42": 670,
    "42,0": 670,
    "1,90": 831,
    "25,90": 1575,
    "90,1": 831,
    "90,25": 1575,
    "3,53": 10750,
    "53,3": 10750,
    "10,39": 5984,
    "39,10": 5984,
    "16,91": 1,
    "91,16": 1,
    "1,92": 167,
    "10,92": 1,
    "92,1": 167,
    "91,12": 1,
    "12,91": 1,
    "92,10": 1,
    "8,26": 3128,
    "4,81": 585,
    "26,8": 3128,
    "4,16": 3321,
    "8,82": 4648,
    "81,4": 585,
    "81,7": 9438,
    "82,8": 4648,
    "81,79": 10754,
    "79,81": 10754,
    "79,80": 10943,
    "80,79": 10943,
    "7,81": 9438,
    "16,4": 3321,
    "72,3": 1735,
    "3,72": 1735,
    "0,72": 6117,
    "72,0": 6117,
    "16,38": 3101,
    "3,93": 424,
    "38,16": 3101,
    "67,93": 1230,
    "93,3": 424,
    "16,94": 23,
    "94,16": 23,
    "93,67": 1230,
    "27,90": 717,
    "90,27": 717,
    "46,95": 33,
    "10,95": 222,
    "7,82": 5189,
    "81,8": 5304,
    "82,7": 5189,
    "8,81": 5304,
    "95,46": 33,
    "90,14": 2085,
    "14,90": 2085,
    "95,10": 222,
    "8,38": 3982,
    "38,8": 3982,
    "19,4": 1914,
    "4,19": 1914,
    "46,54": 150,
    "8,8": 8642,
    "54,46": 150,
    "1,96": 39,
    "96,9": 9,
    "1,83": 2437,
    "9,96": 9,
    "18,9": 2922,
    "9,18": 2922,
    "96,1": 39,
    "83,1": 2437,
    "83,83": 2582,
    "98,9": 48,
    "3,71": 900,
    "9,98": 48,
    "0,97": 1049,
    "97,98": 1,
    "97,8": 1372,
    "71,55": 207,
    "98,97": 1,
    "98,8": 28,
    "71,3": 900,
    "8,97": 1372,
    "8,98": 28,
    "71,7": 3235,
    "55,71": 207,
    "97,0": 1049,
    "7,71": 3235,
    "0,11": 9632,
    "14,9": 1879,
    "9,14": 1879,
    "11,0": 9632,
    "0,99": 859,
    "2,16": 4581,
    "2,101": 5,
    "99,0": 859,
    "16,100": 42,
    "100,16": 42,
    "16,2": 4581,
    "16,101": 4,
    "101,2": 5,
    "101,16": 4,
    "1,102": 155,
    "47,102": 1,
    "102,1": 155,
    "102,47": 1,
    "8,101": 3619,
    "101,8": 3619,
    "102,8": 73,
    "8,102": 73,
    "0,15": 5511,
    "15,0": 5511,
    "47,15": 2049,
    "47,14": 699,
    "15,47": 2049,
    "15,14": 4662,
    "14,47": 699,
    "14,15": 4662,
    "16,98": 1735,
    "98,16": 1735,
    "17,99": 1586,
    "99,17": 1586,
    "72,11": 453,
    "11,72": 453,
    "11,46": 1071,
    "46,9": 2534,
    "46,11": 1071,
    "9,46": 2534,
    "10,14": 1704,
    "14,10": 1704,
    "20,17": 8364,
    "0,77": 431,
    "2,77": 65,
    "17,20": 8364,
    "16,77": 730,
    "77,0": 431,
    "77,2": 65,
    "77,16": 730,
    "90,7": 530,
    "10,94": 1753,
    "7,90": 530,
    "32,94": 16,
    "1,35": 3165,
    "94,32": 16,
    "35,1": 3165,
    "32,20": 736,
    "20,32": 736,
    "49,35": 25,
    "32,8": 4923,
    "32,52": 211,
    "35,49": 25,
    "8,32": 4923,
    "52,32": 211,
    "94,10": 1753,
    "1,84": 4099,
    "58,84": 32,
    "58,7": 10516,
    "63,8": 2210,
    "8,63": 2210,
    "5,5": 2202,
    "84,1": 4099,
    "83,25": 3292,
    "25,83": 3292,
    "84,58": 32,
    "7,58": 10516,
    "58,28": 155,
    "58,42": 1465,
    "28,58": 155,
    "28,42": 1220,
    "55,9": 2423,
    "9,55": 2423,
    "42,58": 1465,
    "42,28": 1220,
    "66,103": 1,
    "1,103": 31,
    "103,1": 31,
    "103,66": 1,
    "72,2": 1609,
    "72,104": 32,
    "2,72": 1609,
    "2,104": 62,
    "104,72": 32,
    "104,2": 62,
    "55,105": 2,
    "105,55": 2,
    "104,8": 244,
    "8,104": 244,
    "105,7": 1,
    "7,105": 1,
    "0,60": 1494,
    "60,0": 1494,
    "1,76": 14617,
    "43,16": 1398,
    "43,17": 1386,
    "16,43": 1398,
    "17,43": 1386,
    "76,1": 14617,
    "0,43": 4198,
    "43,0": 4198,
    "43,1": 1214,
    "12,9": 2461,
    "9,12": 2461,
    "1,43": 1214,
    "1,51": 800,
    "51,1": 800,
    "3,62": 2321,
    "0,12": 1968,
    "12,0": 1968,
    "14,12": 3783,
    "14,70": 61,
    "12,14": 3783,
    "12,70": 50,
    "70,14": 61,
    "70,12": 50,
    "13,52": 53,
    "51,62": 1562,
    "51,52": 464,
    "62,3": 2321,
    "62,51": 1562,
    "52,51": 464,
    "51,70": 157,
    "52,13": 53,
    "70,51": 157,
    "3,92": 1979,
    "67,92": 3600,
    "92,3": 1979,
    "16,93": 2481,
    "93,16": 2481,
    "92,67": 3600,
    "32,17": 18645,
    "32,107": 9,
    "21,106": 45,
    "106,21": 45,
    "17,32": 18645,
    "17,107": 7531,
    "107,32": 9,
    "107,17": 7531,
    "0,98": 1730,
    "32,9": 5958,
    "0,108": 28,
    "9,32": 5958,
    "108,0": 28,
    "108,16": 2,
    "16,108": 2,
    "98,0": 1730,
    "16,99": 841,
    "99,16": 841,
    "32,105": 5888,
    "21,105": 2380,
    "105,21": 2380,
    "17,106": 5931,
    "106,17": 5931,
    "105,32": 5888,
    "20,25": 2472,
    "25,20": 2472,
    "19,42": 1189,
    "13,68": 3,
    "46,42": 549,
    "46,12": 339,
    "68,13": 3,
    "46,27": 3307,
    "67,27": 26181,
    "0,68": 4396,
    "68,0": 4396,
    "27,46": 3307,
    "27,67": 26181,
    "4,13": 3631,
    "42,19": 1189,
    "13,4": 3631,
    "42,46": 549,
    "12,46": 339,
    "53,68": 952,
    "66,26": 1536,
    "68,53": 952,
    "26,66": 1536,
    "94,8": 836,
    "8,94": 836,
    "64,25": 8214,
    "25,64": 8214,
    "65,8": 1180,
    "8,65": 1180,
    "64,21": 301,
    "4,109": 66,
    "21,64": 301,
    "66,27": 3670,
    "27,66": 3670,
    "109,8": 538,
    "60,64": 2565,
    "8,109": 538,
    "60,7": 2415,
    "64,60": 2565,
    "109,4": 66,
    "7,60": 2415,
    "0,90": 802,
    "90,0": 802,
    "1,94": 2951,
    "25,94": 34,
    "10,11": 689,
    "10,42": 1360,
    "94,25": 34,
    "10,90": 518,
    "11,9": 5776,
    "11,10": 689,
    "11,42": 4762,
    "9,11": 5776,
    "42,10": 1360,
    "42,11": 4762,
    "42,8": 1426,
    "8,42": 1426,
    "94,1": 2951,
    "90,10": 518,
    "47,42": 1958,
    "42,47": 1958,
    "42,14": 909,
    "14,42": 909,
    "1,5": 3031,
    "3,98": 145,
    "5,1": 3031,
    "98,3": 145,
    "39,69": 308,
    "69,39": 308,
    "0,29": 7667,
    "2,29": 9689,
    "29,0": 7667,
    "29,2": 9689,
    "0,55": 4919,
    "55,0": 4919,
    "69,9": 4897,
    "9,69": 4897,
    "16,92": 1152,
    "92,16": 1152,
    "17,93": 1826,
    "93,17": 1826,
    "0,106": 1744,
    "32,3": 1513,
    "106,0": 1744,
    "3,32": 1513,
    "16,105": 7752,
    "105,16": 7752,
    "110,9": 263,
    "3,36": 3141,
    "9,110": 263,
    "36,3": 3141,
    "110,1": 1122,
    "1,110": 1122,
    "2,111": 2586,
    "57,112": 8,
    "2,113": 21,
    "3,111": 989,
    "72,4": 254,
    "111,3": 989,
    "72,53": 161,
    "72,112": 8,
    "4,72": 254,
    "111,2": 2586,
    "53,72": 161,
    "53,112": 1418,
    "112,72": 8,
    "112,53": 1418,
    "111,113": 1,
    "113,2": 21,
    "113,111": 1,
    "112,57": 8,
    "1,71": 644,
    "3,83": 1945,
    "83,3": 1945,
    "1,101": 13656,
    "62,114": 1,
    "114,62": 1,
    "114,8": 441,
    "71,49": 130,
    "8,114": 441,
    "71,1": 644,
    "49,71": 130,
    "101,1": 13656,
    "21,13": 242,
    "13,21": 242,
    "19,19": 5224,
    "97,7": 106,
    "1,52": 758,
    "7,97": 106,
    "52,9": 860,
    "0,70": 154,
    "9,52": 860,
    "54,70": 62,
    "70,54": 62,
    "52,1": 758,
    "97,52": 1208,
    "52,97": 1208,
    "52,70": 621,
    "70,0": 154,
    "70,52": 621,
    "1,115": 8,
    "87,9": 1324,
    "9,87": 1324,
    "109,9": 8757,
    "9,109": 8757,
    "115,1": 8,
    "25,87": 1893,
    "87,25": 1893,
    "81,19": 208,
    "81,39": 416,
    "19,81": 208,
    "39,81": 416,
    "27,6": 9,
    "6,27": 9,
    "62,48": 1072,
    "48,62": 1072,
    "71,16": 1176,
    "16,71": 1176,
    "6,25": 467,
    "25,6": 467,
    "60,9": 5028,
    "9,60": 5028,
    "3,66": 5099,
    "38,68": 2856,
    "66,3": 5099,
    "68,38": 2856,
    "1,29": 3009,
    "29,1": 3009,
    "1,86": 1115,
    "8,86": 2329,
    "86,1": 1115,
    "86,8": 2329,
    "7,85": 1631,
    "85,7": 1631,
    "16,35": 2083,
    "35,16": 2083,
    "27,27": 7334,
    "116,68": 1,
    "27,1": 2551,
    "68,116": 1,
    "116,8": 20,
    "1,27": 2551,
    "8,116": 20,
    "18,117": 1,
    "117,18": 1,
    "8,56": 555,
    "56,8": 555,
    "1,117": 36,
    "17,117": 217,
    "117,1": 36,
    "117,17": 217,
    "27,51": 25,
    "51,27": 25,
    "0,119": 325,
    "27,53": 122,
    "27,102": 208,
    "4,50": 126,
    "4,51": 258,
    "53,118": 471,
    "102,16": 295,
    "118,53": 471,
    "16,102": 295,
    "53,27": 122,
    "53,102": 108,
    "102,27": 208,
    "102,53": 108,
    "102,117": 41,
    "117,102": 41,
    "50,4": 126,
    "50,51": 133,
    "51,4": 258,
    "51,50": 133,
    "51,119": 1,
    "119,0": 325,
    "119,51": 1,
    "119,7": 20,
    "7,119": 20,
    "58,39": 5516,
    "10,12": 727,
    "2,120": 591,
    "120,62": 1,
    "120,8": 143,
    "71,53": 451,
    "62,120": 1,
    "8,120": 143,
    "53,71": 451,
    "120,2": 591,
    "39,58": 5516,
    "12,10": 727,
    "13,14": 543,
    "14,13": 543,
    "69,14": 224,
    "14,69": 224,
    "42,9": 1817,
    "9,42": 1817,
    "28,76": 807,
    "76,28": 807,
    "1,91": 3829,
    "12,83": 139,
    "10,91": 1851,
    "83,12": 139,
    "10,101": 1993,
    "33,101": 197,
    "91,1": 3829,
    "90,12": 2912,
    "12,90": 2912,
    "91,10": 1851,
    "101,10": 1993,
    "101,33": 197,
    "1,93": 924,
    "93,1": 924,
    "72,121": 29,
    "2,121": 435,
    "0,121": 197,
    "121,0": 197,
    "3,122": 206,
    "121,72": 29,
    "121,2": 435,
    "93,122": 3,
    "122,3": 206,
    "122,93": 3,
    "3,123": 4,
    "72,27": 293,
    "27,72": 293,
    "27,83": 167,
    "83,27": 167,
    "53,123": 1,
    "123,3": 4,
    "123,53": 1,
    "3,20": 6599,
    "20,3": 6599,
    "4,42": 3812,
    "42,4": 3812,
    "63,55": 417,
    "55,63": 417,
    "60,124": 1,
    "58,76": 44,
    "124,60": 1,
    "47,124": 1,
    "76,58": 44,
    "14,124": 4,
    "124,47": 1,
    "124,14": 4,
    "125,8": 654,
    "8,125": 654,
    "8,126": 1367,
    "126,8": 1367,
    "2,119": 516,
    "1,127": 10,
    "8,127": 70,
    "127,1": 10,
    "127,8": 70,
    "128,119": 1,
    "128,8": 121,
    "119,128": 1,
    "119,8": 934,
    "8,128": 121,
    "8,119": 934,
    "119,2": 516,
    "27,8": 5622,
    "8,27": 5622,
    "129,8": 441,
    "8,129": 441,
    "129,25": 23,
    "129,64": 1,
    "47,65": 53,
    "65,47": 53,
    "25,129": 23,
    "64,129": 1,
    "65,14": 26,
    "14,65": 26,
    "64,39": 205,
    "39,64": 205,
    "72,17": 689,
    "17,72": 689,
    "46,40": 275,
    "72,12": 15,
    "12,72": 15,
    "72,60": 267,
    "60,72": 267,
    "40,46": 275,
    "41,12": 1080,
    "12,41": 1080,
    "27,64": 690,
    "64,27": 690,
    "46,65": 826,
    "4,64": 497,
    "4,14": 1345,
    "65,46": 826,
    "64,4": 497,
    "14,4": 1345,
    "2,92": 627,
    "72,92": 410,
    "66,92": 5,
    "36,68": 599,
    "92,66": 5,
    "36,21": 170,
    "36,93": 70,
    "68,36": 599,
    "60,68": 703,
    "46,76": 908,
    "68,60": 703,
    "76,46": 908,
    "21,36": 170,
    "21,93": 683,
    "93,36": 70,
    "93,21": 683,
    "92,2": 627,
    "92,72": 410,
    "1,53": 2645,
    "53,1": 2645,
    "130,7": 29,
    "7,130": 29,
    "130,0": 523,
    "0,130": 523,
    "39,7": 1428,
    "58,46": 540,
    "58,15": 190,
    "7,39": 1428,
    "58,8": 3487,
    "27,39": 1549,
    "39,27": 1549,
    "46,58": 540,
    "46,15": 921,
    "15,58": 190,
    "15,46": 921,
    "8,58": 3487,
    "28,60": 298,
    "60,28": 298,
    "63,20": 411,
    "20,63": 411,
    "28,25": 1046,
    "25,28": 1046,
    "21,92": 971,
    "92,21": 971,
    "7,26": 185,
    "26,7": 185,
    "4,21": 182,
    "4,53": 3818,
    "131,132": 1,
    "132,131": 1,
    "52,104": 3757,
    "104,52": 3757,
    "132,8": 25,
    "8,132": 25,
    "104,7": 7673,
    "7,104": 7673,
    "21,4": 182,
    "53,4": 3818,
    "0,105": 5286,
    "1,105": 2507,
    "32,83": 414,
    "105,1": 2507,
    "32,106": 3458,
    "83,32": 414,
    "64,8": 493,
    "10,108": 243,
    "8,64": 493,
    "108,10": 243,
    "108,8": 1583,
    "8,108": 1583,
    "105,0": 5286,
    "16,106": 2346,
    "106,32": 3458,
    "106,16": 2346,
    "107,16": 4292,
    "16,107": 4292,
    "33,25": 266,
    "25,33": 266,
    "4,76": 870,
    "76,4": 870,
    "18,17": 370,
    "17,18": 370,
    "133,8": 51,
    "81,17": 55,
    "8,133": 51,
    "17,81": 55,
    "133,16": 186,
    "16,133": 186,
    "3,105": 664,
    "32,25": 1044,
    "25,32": 1044,
    "105,3": 664,
    "46,28": 248,
    "28,46": 248,
    "109,16": 139,
    "16,109": 139,
    "36,17": 298,
    "17,36": 298,
    "32,7": 1319,
    "1,107": 3319,
    "7,32": 1319,
    "107,1": 3319,
    "14,25": 7399,
    "14,39": 640,
    "25,14": 7399,
    "39,14": 640,
    "0,126": 29,
    "126,0": 29,
    "126,25": 349,
    "25,126": 349,
    "63,25": 589,
    "25,63": 589,
    "3,77": 120,
    "77,3": 120,
    "4,5": 1421,
    "5,4": 1421,
    "72,25": 326,
    "72,29": 294,
    "72,102": 192,
    "25,72": 326,
    "1,58": 2153,
    "58,1": 2153,
    "29,72": 294,
    "29,102": 86,
    "57,21": 440,
    "57,102": 40,
    "21,57": 440,
    "21,102": 166,
    "102,57": 40,
    "102,21": 166,
    "102,72": 192,
    "102,29": 86,
    "8,76": 923,
    "76,8": 923,
    "129,3": 810,
    "3,129": 810,
    "3,55": 2653,
    "55,3": 2653,
    "45,7": 203,
    "7,45": 203,
    "45,26": 824,
    "26,45": 824,
    "0,50": 643,
    "50,0": 643,
    "2,50": 477,
    "2,49": 1273,
    "10,65": 1868,
    "50,2": 477,
    "50,49": 785,
    "49,2": 1273,
    "49,50": 785,
    "65,10": 1868,
    "4,68": 1757,
    "66,8": 1120,
    "68,4": 1757,
    "8,66": 1120,
    "134,7": 34,
    "4,67": 136,
    "4,92": 383,
    "7,134": 34,
    "67,4": 136,
    "5,28": 389,
    "28,5": 389,
    "92,4": 383,
    "134,16": 2,
    "16,134": 2,
    "2,8": 951,
    "2,52": 1669,
    "72,49": 95,
    "72,130": 31,
    "96,7": 36,
    "49,56": 482,
    "7,96": 36,
    "56,49": 482,
    "96,21": 29,
    "21,96": 29,
    "8,2": 951,
    "52,2": 1669,
    "49,72": 95,
    "49,130": 380,
    "130,72": 31,
    "130,49": 380,
    "135,9": 1,
    "3,136": 2,
    "9,135": 1,
    "136,3": 2,
    "135,137": 1,
    "137,135": 1,
    "136,87": 89,
    "87,136": 89,
    "137,8": 16,
    "8,137": 16,
    "66,9": 1650,
    "9,66": 1650,
    "25,54": 567,
    "54,25": 567,
    "90,9": 903,
    "9,90": 903,
    "1,108": 1632,
    "72,64": 51,
    "64,72": 51,
    "72,76": 24,
    "76,72": 24,
    "1,60": 3294,
    "1,64": 1767,
    "108,1": 1632,
    "60,1": 3294,
    "64,1": 1767,
    "15,60": 2326,
    "60,15": 2326,
    "63,62": 810,
    "62,63": 810,
    "52,62": 4510,
    "62,52": 4510,
    "72,20": 533,
    "20,72": 533,
    "0,138": 50,
    "0,111": 1493,
    "0,120": 624,
    "2,93": 623,
    "1,138": 25,
    "120,139": 1,
    "121,93": 913,
    "139,120": 1,
    "121,111": 76,
    "93,2": 623,
    "93,121": 913,
    "120,0": 624,
    "138,0": 50,
    "138,1": 25,
    "53,111": 1020,
    "111,0": 1493,
    "111,53": 1020,
    "138,139": 1,
    "139,138": 1,
    "111,121": 76,
    "28,1": 2980,
    "1,28": 2980,
    "1,33": 766,
    "46,14": 885,
    "33,1": 766,
    "14,46": 885,
    "1,61": 1750,
    "4,61": 390,
    "58,47": 449,
    "47,58": 449,
    "61,1": 1750,
    "60,60": 4484,
    "61,4": 390,
    "129,0": 251,
    "0,129": 251,
    "1,88": 1226,
    "47,88": 505,
    "88,9": 99,
    "1,87": 921,
    "9,88": 99,
    "88,1": 1226,
    "87,1": 921,
    "88,47": 505,
    "3,27": 1168,
    "27,3": 1168,
    "10,54": 755,
    "0,54": 412,
    "54,0": 412,
    "54,10": 755,
    "64,7": 321,
    "7,64": 321,
    "63,69": 529,
    "69,63": 529,
    "105,9": 448,
    "9,105": 448,
    "17,105": 656,
    "105,17": 656,
    "2,131": 224,
    "131,9": 111,
    "0,131": 793,
    "0,62": 1161,
    "9,131": 111,
    "3,15": 1378,
    "15,3": 1378,
    "8,131": 6940,
    "131,2": 224,
    "131,8": 6940,
    "49,131": 236,
    "131,49": 236,
    "131,0": 793,
    "131,62": 667,
    "62,0": 1161,
    "62,131": 667,
    "13,9": 464,
    "1,123": 265,
    "9,13": 464,
    "14,123": 821,
    "123,1": 265,
    "123,14": 821,
    "46,5": 209,
    "5,46": 209,
    "62,70": 189,
    "70,62": 189,
    "52,15": 651,
    "15,52": 651,
    "70,39": 792,
    "39,70": 792,
    "83,9": 4555,
    "9,83": 4555,
    "19,16": 1109,
    "16,19": 1109,
    "1,78": 4350,
    "1,140": 6,
    "78,1": 4350,
    "8,140": 8,
    "140,1": 6,
    "140,8": 8,
    "9,68": 1625,
    "68,9": 1625,
    "0,41": 360,
    "41,0": 360,
    "1,59": 1083,
    "47,41": 248,
    "4,28": 1087,
    "28,4": 1087,
    "59,1": 1083,
    "41,47": 248,
    "97,68": 234,
    "66,52": 231,
    "68,97": 234,
    "52,66": 231,
    "19,58": 130,
    "58,19": 130,
    "27,13": 435,
    "13,27": 435,
    "46,123": 123,
    "123,46": 123,
    "0,87": 371,
    "87,0": 371,
    "63,90": 33,
    "90,63": 33,
    "131,130": 2354,
    "130,131": 2354,
    "67,141": 1,
    "16,141": 118,
    "141,67": 1,
    "141,16": 118,
    "56,142": 1,
    "142,56": 1,
    "97,9": 1657,
    "9,97": 1657,
    "41,9": 571,
    "9,41": 571,
    "41,25": 845,
    "25,41": 845,
    "21,86": 221,
    "86,21": 221,
    "4,85": 265,
    "85,4": 265,
    "12,89": 2237,
    "89,12": 2237,
    "20,39": 750,
    "39,20": 750,
    "19,25": 1093,
    "25,19": 1093,
    "23,7": 36,
    "1,145": 160,
    "7,23": 36,
    "23,9": 194,
    "0,145": 115,
    "9,23": 194,
    "0,144": 101,
    "13,144": 1,
    "144,13": 1,
    "12,143": 2,
    "145,1": 160,
    "145,0": 115,
    "23,143": 62,
    "144,0": 101,
    "144,145": 1,
    "143,12": 2,
    "145,144": 1,
    "143,23": 62,
    "0,23": 270,
    "23,0": 270,
    "0,146": 44,
    "146,0": 44,
    "23,127": 29,
    "23,12": 40,
    "127,23": 29,
    "127,12": 12,
    "12,23": 40,
    "12,127": 12,
    "146,13": 1,
    "13,146": 1,
    "0,107": 6813,
    "107,0": 6813,
    "0,137": 176,
    "137,0": 176,
    "53,147": 64,
    "147,53": 64,
    "130,104": 2543,
    "104,130": 2543,
    "1,95": 1856,
    "33,83": 194,
    "95,1": 1856,
    "83,33": 194,
    "72,120": 559,
    "57,120": 297,
    "120,72": 559,
    "120,57": 297,
    "1,56": 1204,
    "0,103": 442,
    "103,0": 442,
    "55,104": 426,
    "104,55": 426,
    "103,8": 688,
    "8,103": 688,
    "56,1": 1204,
    "43,7": 107,
    "7,43": 107,
    "16,45": 1378,
    "45,16": 1378,
    "2,102": 536,
    "148,8": 14,
    "4,102": 107,
    "8,148": 14,
    "0,148": 178,
    "102,2": 536,
    "16,148": 38,
    "148,0": 178,
    "148,16": 38,
    "102,4": 107,
    "0,149": 2,
    "9,82": 44,
    "149,0": 2,
    "82,9": 44,
    "149,79": 1,
    "149,80": 1,
    "79,149": 1,
    "80,149": 1,
    "11,83": 237,
    "83,11": 237,
    "143,7": 24,
    "4,15": 1136,
    "4,142": 45,
    "7,143": 24,
    "39,143": 107,
    "15,54": 217,
    "143,39": 107,
    "15,4": 1136,
    "15,142": 12,
    "54,15": 217,
    "142,4": 45,
    "142,15": 12,
    "124,124": 926,
    "124,1": 420,
    "1,124": 420,
    "25,150": 1,
    "150,25": 1,
    "1,114": 1762,
    "3,87": 259,
    "87,3": 259,
    "4,114": 177,
    "114,1": 1762,
    "114,4": 177,
    "42,7": 565,
    "7,42": 565,
    "62,113": 83,
    "113,62": 83,
    "113,8": 473,
    "8,113": 473,
    "21,39": 893,
    "39,21": 893,
    "60,17": 158,
    "17,60": 158,
    "118,9": 657,
    "9,118": 657,
    "8,118": 465,
    "7,118": 3580,
    "118,8": 465,
    "118,7": 3580,
    "7,51": 564,
    "51,7": 564,
    "118,62": 720,
    "62,118": 720,
    "151,7": 1,
    "1,32": 2544,
    "1,152": 28,
    "7,151": 1,
    "1,151": 6,
    "151,1": 6,
    "32,1": 2544,
    "32,152": 2,
    "152,1": 28,
    "152,32": 2,
    "151,106": 1,
    "106,151": 1,
    "70,7": 211,
    "7,70": 211,
    "1,97": 302,
    "14,52": 276,
    "52,14": 276,
    "97,1": 302,
    "1,106": 1272,
    "106,1": 1272,
    "26,68": 1692,
    "66,53": 1152,
    "66,16": 1295,
    "68,26": 1692,
    "53,66": 1152,
    "16,66": 1295,
    "117,9": 21,
    "9,117": 21,
    "17,8": 1958,
    "8,17": 1958,
    "0,45": 1043,
    "17,45": 3596,
    "45,17": 3596,
    "45,0": 1043,
    "117,45": 76,
    "45,117": 76,
    "15,15": 1426,
    "109,49": 46,
    "49,109": 46,
    "36,8": 2250,
    "36,52": 116,
    "8,36": 2250,
    "52,36": 116,
    "107,9": 1979,
    "9,107": 1979,
    "0,92": 1849,
    "0,93": 922,
    "93,0": 922,
    "92,0": 1849,
    "3,153": 273,
    "153,3": 273,
    "9,35": 2553,
    "35,9": 2553,
    "12,153": 1,
    "153,12": 1,
    "90,76": 18,
    "76,90": 18,
    "10,60": 386,
    "8,107": 71,
    "107,8": 71,
    "60,10": 386,
    "1,74": 183,
    "0,74": 600,
    "74,1": 183,
    "73,53": 493,
    "53,73": 493,
    "74,0": 600,
    "47,136": 249,
    "66,69": 124,
    "69,66": 124,
    "136,8": 181,
    "87,135": 165,
    "8,136": 181,
    "135,87": 165,
    "136,47": 249,
    "53,62": 95,
    "0,110": 1104,
    "62,53": 95,
    "154,8": 27,
    "118,110": 416,
    "8,154": 27,
    "53,154": 66,
    "110,0": 1104,
    "154,53": 66,
    "110,118": 416,
    "3,57": 3769,
    "57,3": 3769,
    "69,108": 109,
    "108,69": 109,
    "2,155": 76,
    "156,21": 1,
    "3,155": 65,
    "21,156": 1,
    "49,53": 254,
    "72,52": 157,
    "53,49": 254,
    "72,155": 33,
    "2,97": 548,
    "52,72": 157,
    "49,97": 1043,
    "97,2": 548,
    "97,49": 1043,
    "155,2": 76,
    "155,72": 33,
    "53,156": 1,
    "156,53": 1,
    "155,3": 65,
    "28,78": 65,
    "78,28": 65,
    "54,9": 251,
    "9,54": 251,
    "4,60": 591,
    "39,60": 1404,
    "60,39": 1404,
    "8,61": 659,
    "61,8": 659,
    "60,4": 591,
    "3,121": 470,
    "121,3": 470,
    "36,4": 543,
    "36,120": 281,
    "8,121": 124,
    "121,8": 124,
    "4,36": 543,
    "4,120": 103,
    "120,36": 281,
    "120,4": 103,
    "120,16": 94,
    "16,120": 94,
    "93,92": 97,
    "92,93": 97,
    "56,77": 205,
    "77,56": 205,
    "52,93": 13,
    "72,97": 32,
    "93,52": 13,
    "1,120": 126,
    "120,1": 126,
    "97,72": 32,
    "8,122": 21,
    "122,8": 21,
    "53,122": 375,
    "122,53": 375,
    "63,83": 115,
    "83,63": 115,
    "3,42": 1573,
    "42,3": 1573,
    "10,25": 1700,
    "12,123": 1069,
    "157,25": 635,
    "123,12": 1069,
    "25,157": 635,
    "25,10": 1700,
    "67,122": 272,
    "122,67": 272,
    "67,17": 734,
    "124,16": 73,
    "124,122": 12,
    "16,124": 73,
    "16,122": 538,
    "122,124": 12,
    "122,16": 538,
    "17,67": 734,
    "13,13": 220,
    "12,12": 4938,
    "8,158": 65,
    "158,8": 65,
    "46,25": 1261,
    "25,46": 1261,
    "110,8": 290,
    "1,153": 110,
    "8,110": 290,
    "2,110": 1142,
    "153,8": 1006,
    "8,153": 1006,
    "53,153": 350,
    "110,2": 1142,
    "153,1": 110,
    "153,53": 350,
    "15,9": 1736,
    "9,15": 1736,
    "108,15": 51,
    "15,108": 51,
    "108,49": 107,
    "49,108": 107,
    "0,30": 597,
    "30,0": 597,
    "27,12": 2904,
    "12,27": 2904,
    "46,13": 2678,
    "58,12": 869,
    "58,14": 835,
    "13,46": 2678,
    "12,58": 869,
    "14,58": 835,
    "7,52": 887,
    "52,7": 887,
    "3,48": 1078,
    "71,21": 467,
    "21,71": 467,
    "48,3": 1078,
    "27,7": 1524,
    "7,27": 1524,
    "49,49": 598,
    "27,14": 859,
    "14,27": 859,
    "4,84": 674,
    "130,15": 6,
    "15,130": 6,
    "84,4": 674,
    "20,20": 1988,
    "19,28": 704,
    "28,19": 704,
    "69,35": 368,
    "35,69": 368,
    "36,13": 48,
    "159,1": 86,
    "13,36": 48,
    "159,12": 1,
    "159,14": 2,
    "1,159": 86,
    "12,159": 1,
    "14,159": 2,
    "20,44": 3947,
    "44,20": 3947,
    "95,25": 66,
    "25,95": 66,
    "83,39": 413,
    "39,83": 413,
    "14,17": 177,
    "17,14": 177,
    "39,39": 378,
    "5,39": 285,
    "160,9": 7,
    "1,161": 3,
    "9,160": 7,
    "11,160": 206,
    "11,85": 364,
    "161,1": 3,
    "160,11": 206,
    "160,85": 49,
    "85,11": 364,
    "85,160": 49,
    "39,5": 285,
    "32,89": 62,
    "89,32": 62,
    "17,68": 319,
    "68,17": 319,
    "3,145": 179,
    "145,3": 179,
    "62,162": 1,
    "62,14": 176,
    "162,62": 1,
    "162,14": 8,
    "145,16": 303,
    "14,62": 176,
    "14,162": 8,
    "145,39": 420,
    "16,145": 303,
    "39,145": 420,
    "46,163": 1,
    "163,46": 1,
    "41,87": 806,
    "87,41": 806,
    "163,8": 27,
    "8,163": 27,
    "66,66": 1068,
    "165,9": 24,
    "164,55": 144,
    "9,165": 24,
    "164,16": 39,
    "55,164": 144,
    "16,164": 39,
    "3,45": 431,
    "45,3": 431,
    "69,38": 1100,
    "38,69": 1100,
    "53,45": 573,
    "53,30": 79,
    "45,53": 573,
    "45,30": 383,
    "30,53": 79,
    "30,45": 383,
    "10,81": 30,
    "25,82": 350,
    "81,10": 30,
    "81,42": 288,
    "82,25": 350,
    "42,81": 288,
    "55,34": 16,
    "34,55": 16,
    "16,15": 344,
    "15,16": 344,
    "36,29": 636,
    "36,1": 977,
    "29,36": 636,
    "1,36": 977,
    "64,42": 18,
    "42,64": 18,
    "14,14": 1670,
    "2,71": 556,
    "71,2": 556,
    "97,62": 524,
    "62,97": 524,
    "19,54": 224,
    "54,19": 224,
    "23,15": 75,
    "127,15": 36,
    "15,23": 75,
    "15,127": 36,
    "145,7": 52,
    "7,145": 52,
    "53,13": 35,
    "13,53": 35,
    "69,53": 199,
    "53,69": 199,
    "25,89": 1084,
    "89,25": 1084,
    "167,155": 1,
    "166,8": 277,
    "155,167": 1,
    "166,120": 1,
    "8,166": 277,
    "167,7": 24,
    "93,155": 121,
    "155,93": 121,
    "120,166": 1,
    "7,167": 24,
    "16,68": 837,
    "27,17": 2245,
    "68,16": 837,
    "17,27": 2245,
    "3,14": 1055,
    "11,38": 83,
    "14,3": 1055,
    "11,168": 1,
    "11,65": 57,
    "38,11": 83,
    "20,38": 127,
    "38,20": 127,
    "168,11": 1,
    "168,65": 2,
    "65,11": 57,
    "65,168": 2,
    "25,69": 300,
    "69,25": 300,
    "129,9": 140,
    "9,129": 140,
    "129,60": 15,
    "60,129": 15,
    "63,26": 345,
    "64,26": 296,
    "4,108": 983,
    "26,64": 296,
    "108,4": 983,
    "26,63": 345,
    "46,169": 1,
    "67,169": 2,
    "14,68": 45,
    "169,42": 5,
    "68,14": 45,
    "169,46": 1,
    "169,67": 2,
    "42,169": 5,
    "170,3": 2,
    "3,170": 2,
    "89,9": 198,
    "9,89": 198,
    "65,9": 501,
    "1,171": 60,
    "9,65": 501,
    "3,90": 832,
    "90,3": 832,
    "4,94": 405,
    "94,4": 405,
    "25,171": 48,
    "171,1": 60,
    "171,25": 48,
    "98,17": 183,
    "17,98": 183,
    "11,53": 76,
    "53,11": 76,
    "172,7": 156,
    "1,143": 123,
    "7,172": 156,
    "156,143": 67,
    "143,156": 67,
    "12,172": 2,
    "110,143": 146,
    "172,73": 1,
    "143,1": 123,
    "143,110": 146,
    "172,12": 2,
    "73,172": 1,
    "110,45": 189,
    "45,110": 189,
    "73,17": 311,
    "17,73": 311,
    "47,126": 248,
    "109,2": 184,
    "109,17": 216,
    "2,109": 184,
    "17,109": 216,
    "21,21": 950,
    "39,126": 133,
    "126,47": 248,
    "126,39": 133,
    "3,38": 126,
    "38,3": 126,
    "20,65": 15,
    "65,20": 15,
    "93,9": 428,
    "9,93": 428,
    "72,1": 788,
    "1,72": 788,
    "166,155": 25,
    "165,8": 40,
    "155,166": 25,
    "165,120": 11,
    "8,165": 40,
    "166,7": 855,
    "120,165": 11,
    "7,166": 855,
    "47,78": 2638,
    "46,78": 250,
